B Current (A)	Magnetic field (mT)	V_diode (V)	V_device (V)	V_abs	V_abs_R	V_abs_Theta
1.1745400000000	0.0122159000000	0.0000000000000	-0.0000020069562	-0.0000032186700	0.0000032186700	-80.8200000000000
1.1442500000000	0.0123072000000	0.0000000000000	-0.0000020794521	-0.0000051260300	0.0000051260300	-76.5360000000000
1.1937000000000	0.0124004000000	0.0000000000000	-0.0000020760476	-0.0000011325000	0.0000011325000	-21.5700000000000
1.1646500000000	0.0124957000000	0.0000000000000	-0.0000021186042	-0.0000020265700	0.0000020265700	-137.4360000000000
1.2141000000000	0.0125897000000	0.0000000000000	-0.0000021420353	-0.0000034570800	0.0000034570800	-137.8440000000000
1.1813400000000	0.0126849000000	0.0000000000000	-0.0000022729085	-0.0000076890600	0.0000076890600	-68.9820000000000
1.2277000000000	0.0127817000000	0.0000000000000	-0.0000024016789	-0.0000041127500	0.0000041127500	-107.8500000000000
1.2128700000000	0.0128783000000	0.0000000000000	-0.0000026758417	-0.0000029802500	0.0000029802500	-66.0360000000000
1.2499600000000	0.0129737000000	0.0000000000000	-0.0000027283108	-0.0000050068200	0.0000050068200	-69.1980000000000
1.2338800000000	0.0130704000000	0.0000000000000	-0.0000025493740	-0.0000078082700	0.0000078082700	-100.7940000000000
1.2610800000000	0.0131678000000	0.0000000000000	-0.0000026503075	-0.0000080466900	0.0000080466900	-93.8280000000000
1.2561400000000	0.0132653000000	0.0000000000000	-0.0000026529110	-0.0000074506100	0.0000074506100	-87.0120000000000
1.2851900000000	0.0133625000000	0.0000000000000	-0.0000026728374	-0.0000092983800	0.0000092983800	-102.4620000000000
1.2617000000000	0.0134589000000	0.0000000000000	-0.0000027549459	-0.0000115634000	0.0000115634000	-91.6620000000000
1.3148700000000	0.0135563000000	0.0000000000000	-0.0000028770074	-0.0000098944300	0.0000098944300	-98.2800000000000
1.2808700000000	0.0136537000000	0.0000000000000	-0.0000030407240	-0.0000174047000	0.0000174047000	-86.7540000000000
1.3222800000000	0.0137497000000	0.0000000000000	-0.0000030840814	-0.0000122190000	0.0000122190000	-87.9300000000000
1.3093000000000	0.0138495000000	0.0000000000000	-0.0000031538738	-0.0000138283000	0.0000138283000	-90.1380000000000
1.3426800000000	0.0139456000000	0.0000000000000	-0.0000032067433	-0.0000165106000	0.0000165106000	-88.8840000000000
1.3414500000000	0.0140424000000	0.0000000000000	-0.0000034008000	-0.0000152589000	0.0000152589000	-89.2440000000000
1.3544300000000	0.0141389000000	0.0000000000000	-0.0000036441219	-0.0000210406000	0.0000210406000	-93.3000000000000
1.3501000000000	0.0142356000000	0.0000000000000	-0.0000038071376	-0.0000221134000	0.0000221134000	-97.4400000000000
1.3630800000000	0.0143336000000	0.0000000000000	-0.0000038465898	-0.0000191928000	0.0000191928000	-88.7040000000000
1.3841000000000	0.0144302000000	0.0000000000000	-0.0000039330040	-0.0000286700000	0.0000286700000	-89.8680000000000
1.3680300000000	0.0145271000000	0.0000000000000	-0.0000040599720	-0.0000306966000	0.0000306966000	-89.3040000000000
1.4181000000000	0.0146243000000	0.0000000000000	-0.0000042142761	-0.0000351670000	0.0000351670000	-90.6420000000000
1.3816300000000	0.0147224000000	0.0000000000000	-0.0000044347678	-0.0000470283000	0.0000470283000	-91.0980000000000
1.4360300000000	0.0148194000000	0.0000000000000	-0.0000046591647	-0.0000476243000	0.0000476243000	-91.5540000000000
1.4063600000000	0.0149189000000	0.0000000000000	-0.0000047720149	-0.0000510218000	0.0000510218000	-90.5520000000000
1.4477700000000	0.0150163000000	0.0000000000000	-0.0000049411387	-0.0000583532000	0.0000583532000	-91.8180000000000
1.4446800000000	0.0151154000000	0.0000000000000	-0.0000050872320	-0.0000598433000	0.0000598433000	-92.6400000000000
1.4397400000000	0.0152122000000	0.0000000000000	-0.0000052085926	-0.0000666385000	0.0000666385000	-93.8520000000000
1.4737400000000	0.0153106000000	0.0000000000000	-0.0000052513491	-0.0000669961000	0.0000669961000	-93.1380000000000
1.4521000000000	0.0154097000000	0.0000000000000	-0.0000051834601	-0.0000647311000	0.0000647311000	-93.1020000000000
1.5046500000000	0.0155085000000	0.0000000000000	-0.0000050514855	-0.0000536444000	0.0000536444000	-90.6120000000000
1.4706500000000	0.0156071000000	0.0000000000000	-0.0000047465820	-0.0000383260000	0.0000383260000	-91.9800000000000
1.5262800000000	0.0157051000000	0.0000000000000	-0.0000043658781	-0.0000181199000	0.0000181199000	-98.0820000000000
1.4953700000000	0.0158043000000	0.0000000000000	-0.0000038592076	0.0000059604900	0.0000059604900	77.3040000000000
1.5343200000000	0.0159019000000	0.0000000000000	-0.0000033090805	0.0000334384000	0.0000334384000	91.7520000000000
1.5077400000000	0.0160026000000	0.0000000000000	-0.0000026933654	0.0000525715000	0.0000525715000	86.5020000000000
1.5398800000000	0.0161009000000	0.0000000000000	-0.0000021458407	0.0000651483000	0.0000651483000	88.7760000000000
1.5633700000000	0.0161991000000	0.0000000000000	-0.0000015079964	0.0000766520000	0.0000766520000	88.8840000000000
1.5448300000000	0.0162966000000	0.0000000000000	-0.0000009996235	0.0000776653000	0.0000776653000	86.8380000000000
1.5868600000000	0.0163956000000	0.0000000000000	-0.0000004911504	0.0000774865000	0.0000774865000	90.6420000000000
1.5639900000000	0.0164944000000	0.0000000000000	-0.0000000949254	0.0000732546000	0.0000732546000	87.1860000000000
1.6085000000000	0.0165920000000	0.0000000000000	0.0000002221952	0.0000644331000	0.0000644331000	88.1700000000000
1.5751200000000	0.0166902000000	0.0000000000000	0.0000004121472	0.0000567439000	0.0000567439000	88.7580000000000
1.6258100000000	0.0167883000000	0.0000000000000	0.0000006644819	0.0000487568000	0.0000487568000	87.0120000000000
1.6004600000000	0.0168864000000	0.0000000000000	0.0000007516977	0.0000447633000	0.0000447633000	86.7480000000000
1.6319900000000	0.0169841000000	0.0000000000000	0.0000007295683	0.0000422599000	0.0000422599000	90.4560000000000
1.6289000000000	0.0170841000000	0.0000000000000	0.0000008559360	0.0000301601000	0.0000301601000	90.0660000000000
1.6579600000000	0.0171809000000	0.0000000000000	0.0000009348406	0.0000253321000	0.0000253321000	82.1280000000000
1.6579600000000	0.0172794000000	0.0000000000000	0.0000009541663	0.0000222923000	0.0000222923000	92.9400000000000
1.6431200000000	0.0173771000000	0.0000000000000	0.0000010136447	0.0000194312000	0.0000194312000	72.2160000000000
1.6931900000000	0.0174760000000	0.0000000000000	0.0000009844059	0.0000159742000	0.0000159742000	78.5280000000000
1.6635200000000	0.0175742000000	0.0000000000000	0.0000009137122	0.0000136495000	0.0000136495000	104.7240000000000
1.7135900000000	0.0176746000000	0.0000000000000	0.0000008396139	0.0000138283000	0.0000138283000	89.7240000000000
1.6795900000000	0.0177727000000	0.0000000000000	0.0000008442200	0.0000116230000	0.0000116230000	84.0060000000000
1.7352300000000	0.0178708000000	0.0000000000000	0.0000007913495	0.0000118614000	0.0000118614000	86.6580000000000
1.7061700000000	0.0179701000000	0.0000000000000	0.0000006602757	0.0000085831300	0.0000085831300	100.0680000000000
1.7333700000000	0.0180693000000	0.0000000000000	0.0000005386144	0.0000111461000	0.0000111461000	92.5620000000000
1.7358500000000	0.0181706000000	0.0000000000000	0.0000004905507	0.0000060797000	0.0000060797000	86.4420000000000
1.7519200000000	0.0182689000000	0.0000000000000	0.0000004691223	0.0000093579900	0.0000093579900	92.1480000000000
1.7717000000000	0.0183685000000	0.0000000000000	0.0000005576395	0.0000043511700	0.0000043511700	86.2680000000000
1.7513000000000	0.0184669000000	0.0000000000000	0.0000005985938	0.0000055432600	0.0000055432600	94.5900000000000
1.7989000000000	0.0185651000000	0.0000000000000	0.0000005450228	0.0000042319600	0.0000042319600	80.6160000000000
1.7667600000000	0.0186614000000	0.0000000000000	0.0000003846101	0.0000028014300	0.0000028014300	70.4940000000000
1.8186800000000	0.0187607000000	0.0000000000000	0.0000003006989	0.0000035762900	0.0000035762900	96.8160000000000
1.7951900000000	0.0188588000000	0.0000000000000	0.0000003199243	0.0000050068200	0.0000050068200	72.7020000000000
1.8254800000000	0.0189562000000	0.0000000000000	0.0000003610788	0.0000031590600	0.0000031590600	104.0340000000000
1.8038500000000	0.0190540000000	0.0000000000000	0.0000004351770	0.0000036955000	0.0000036955000	75.6060000000000
1.8594800000000	0.0191509000000	0.0000000000000	0.0000004255643	0.0000047684000	0.0000047684000	94.5480000000000
1.8347600000000	0.0192508000000	0.0000000000000	0.0000004690219	-0.0000011921000	0.0000011921000	-94.7640000000000
1.8631900000000	0.0193470000000	0.0000000000000	0.0000004773328	0.0000044107700	0.0000044107700	71.4300000000000
1.8557700000000	0.0194454000000	0.0000000000000	0.0000003728944	0.0000005960500	0.0000005960500	95.5260000000000
1.8749400000000	0.0195434000000	0.0000000000000	0.0000002156860	-0.0000005364450	0.0000005364450	-159.1440000000000
1.8971900000000	0.0196408000000	0.0000000000000	0.0000002146847	-0.0000030994600	0.0000030994600	-138.7620000000000
1.8941000000000	0.0197391000000	0.0000000000000	0.0000003028015	-0.0000009536820	0.0000009536820	-60.9480000000000
1.9120300000000	0.0198391000000	0.0000000000000	0.0000003473607	-0.0000025630100	0.0000025630100	-11.0040000000000
1.8959600000000	0.0199378000000	0.0000000000000	0.0000003630815	-0.0000008344690	0.0000008344690	-42.9540000000000
1.9410800000000	0.0200356000000	0.0000000000000	0.0000003098109	-0.0000002384200	0.0000002384200	-133.1520000000000
