B Current (A)	Magnetic field (mT)	V_diode (V)	V_device (V)	V_abs	V_abs_R	V_abs_Theta
1.1541400000000	0.0122216000000	0.0000000000000	0.0000016429841	-0.0000197889000	0.0000197889000	-91.5900000000000
1.1720700000000	0.0123147000000	0.0000000000000	0.0000014976910	-0.0000163318000	0.0000163318000	-78.5520000000000
1.1689700000000	0.0124053000000	0.0000000000000	0.0000014126781	-0.0000228287000	0.0000228287000	-92.2980000000000
1.1937000000000	0.0124983000000	0.0000000000000	0.0000013440870	-0.0000205041000	0.0000205041000	-89.2380000000000
1.1937000000000	0.0125923000000	0.0000000000000	0.0000014568368	-0.0000249745000	0.0000249745000	-92.3460000000000
1.2178100000000	0.0126866000000	0.0000000000000	0.0000017254943	-0.0000237824000	0.0000237824000	-97.6140000000000
1.1943200000000	0.0127864000000	0.0000000000000	0.0000019802329	-0.0000241400000	0.0000241400000	-88.6740000000000
1.2394500000000	0.0128845000000	0.0000000000000	0.0000021449518	-0.0000225903000	0.0000225903000	-98.6880000000000
1.2171900000000	0.0129818000000	0.0000000000000	0.0000022826348	-0.0000296832000	0.0000296832000	-88.4700000000000
1.2623200000000	0.0130771000000	0.0000000000000	0.0000023625409	-0.0000293256000	0.0000293256000	-94.3860000000000
1.2363600000000	0.0131712000000	0.0000000000000	0.0000024248225	-0.0000320079000	0.0000320079000	-94.8480000000000
1.2654100000000	0.0132668000000	0.0000000000000	0.0000025616043	-0.0000287892000	0.0000287892000	-87.8280000000000
1.2814800000000	0.0133618000000	0.0000000000000	0.0000026111701	-0.0000293256000	0.0000293256000	-92.4780000000000
1.2660300000000	0.0134568000000	0.0000000000000	0.0000026760563	-0.0000355842000	0.0000355842000	-90.2160000000000
1.3105400000000	0.0135535000000	0.0000000000000	0.0000026634395	-0.0000390413000	0.0000390413000	-93.5040000000000
1.2802500000000	0.0136515000000	0.0000000000000	0.0000027260230	-0.0000382664000	0.0000382664000	-87.8760000000000
1.3253700000000	0.0137511000000	0.0000000000000	0.0000027829987	-0.0000404718000	0.0000404718000	-92.5800000000000
1.3037400000000	0.0138502000000	0.0000000000000	0.0000029104681	-0.0000457170000	0.0000457170000	-91.4820000000000
1.3488700000000	0.0139476000000	0.0000000000000	0.0000028778247	-0.0000457170000	0.0000457170000	-89.9160000000000
1.3235200000000	0.0140458000000	0.0000000000000	0.0000029004548	-0.0000527503000	0.0000527503000	-92.7240000000000
1.3501000000000	0.0141425000000	0.0000000000000	0.0000030205140	-0.0000547769000	0.0000547769000	-91.5000000000000
1.3439200000000	0.0142392000000	0.0000000000000	0.0000032856663	-0.0000598433000	0.0000598433000	-90.5400000000000
1.3723600000000	0.0143365000000	0.0000000000000	0.0000034476815	-0.0000628834000	0.0000628834000	-90.1500000000000
1.3822500000000	0.0144321000000	0.0000000000000	0.0000037365653	-0.0000674133000	0.0000674133000	-92.0400000000000
1.3773000000000	0.0145283000000	0.0000000000000	0.0000040708094	-0.0000754599000	0.0000754599000	-93.7020000000000
1.4162500000000	0.0146243000000	0.0000000000000	0.0000043841247	-0.0000872617000	0.0000872617000	-92.8440000000000
1.3797700000000	0.0147221000000	0.0000000000000	0.0000046643969	-0.0000901823000	0.0000901823000	-91.7940000000000
1.4354100000000	0.0148187000000	0.0000000000000	0.0000049284477	-0.0001020440000	0.0001020440000	-92.2800000000000
1.4063600000000	0.0149169000000	0.0000000000000	0.0000052582858	-0.0001152160000	0.0001152160000	-91.5600000000000
1.4514800000000	0.0150133000000	0.0000000000000	0.0000056057474	-0.0001213560000	0.0001213560000	-91.3380000000000
1.4242800000000	0.0151110000000	0.0000000000000	0.0000056567158	-0.0001398930000	0.0001398930000	-91.8960000000000
1.4663200000000	0.0152084000000	0.0000000000000	0.0000059561135	-0.0001610530000	0.0001610530000	-91.5720000000000
1.4650800000000	0.0153073000000	0.0000000000000	0.0000063692624	-0.0001730330000	0.0001730330000	-90.8580000000000
1.4650800000000	0.0154074000000	0.0000000000000	0.0000068165566	-0.0001959210000	0.0001959210000	-91.5000000000000
1.4997000000000	0.0155064000000	0.0000000000000	0.0000072670550	-0.0002202400000	0.0002202400000	-91.8960000000000
1.4768300000000	0.0156054000000	0.0000000000000	0.0000076631785	-0.0002501630000	0.0002501630000	-92.2560000000000
1.5182500000000	0.0157037000000	0.0000000000000	0.0000079753932	-0.0002816340000	0.0002816340000	-92.4840000000000
1.4916700000000	0.0158021000000	0.0000000000000	0.0000084112721	-0.0003083960000	0.0003083960000	-91.7580000000000
1.5367900000000	0.0159011000000	0.0000000000000	0.0000088859024	-0.0003343840000	0.0003343840000	-92.1480000000000
1.5108300000000	0.0160014000000	0.0000000000000	0.0000089248542	-0.0003630540000	0.0003630540000	-91.8300000000000
1.5621400000000	0.0160982000000	0.0000000000000	0.0000087683472	-0.0003716370000	0.0003716370000	-91.4400000000000
1.5429700000000	0.0161935000000	0.0000000000000	0.0000089437802	-0.0003669280000	0.0003669280000	-92.2380000000000
1.5473000000000	0.0162891000000	0.0000000000000	0.0000089221514	-0.0003364100000	0.0003364100000	-91.9380000000000
1.5782100000000	0.0163866000000	0.0000000000000	0.0000083435830	-0.0002775810000	0.0002775810000	-92.7840000000000
1.5677000000000	0.0164849000000	0.0000000000000	0.0000077288665	-0.0001859080000	0.0001859080000	-92.2980000000000
1.6054100000000	0.0165828000000	0.0000000000000	0.0000068392857	-0.0000684266000	0.0000684266000	-95.6580000000000
1.5738800000000	0.0166833000000	0.0000000000000	0.0000057475355	0.0000740890000	0.0000740890000	90.7740000000000
1.6258100000000	0.0167841000000	0.0000000000000	0.0000048722729	0.0002091540000	0.0002091540000	88.6200000000000
1.5949000000000	0.0168840000000	0.0000000000000	0.0000038503154	0.0003293770000	0.0003293770000	87.8400000000000
1.6449700000000	0.0169830000000	0.0000000000000	0.0000026693467	0.0004060290000	0.0004060290000	87.8520000000000
1.6196300000000	0.0170816000000	0.0000000000000	0.0000014370100	0.0004497190000	0.0004497190000	88.1340000000000
1.6523900000000	0.0171760000000	0.0000000000000	0.0000003279367	0.0004547850000	0.0004547850000	88.0320000000000
1.6474500000000	0.0172734000000	0.0000000000000	-0.0000006591735	0.0004332680000	0.0004332680000	87.6060000000000
1.6579600000000	0.0173703000000	0.0000000000000	-0.0000016445799	0.0003759880000	0.0003759880000	88.4520000000000
1.6795900000000	0.0174674000000	0.0000000000000	-0.0000024202081	0.0003482720000	0.0003482720000	88.0860000000000
1.6629000000000	0.0175671000000	0.0000000000000	-0.0000030891950	0.0003012440000	0.0003012440000	88.1340000000000
1.7173000000000	0.0176693000000	0.0000000000000	-0.0000035271756	0.0002542160000	0.0002542160000	87.7380000000000
1.6820600000000	0.0177698000000	0.0000000000000	-0.0000037446639	0.0002141600000	0.0002141600000	88.1100000000000
1.7309000000000	0.0178696000000	0.0000000000000	-0.0000038843491	0.0001749410000	0.0001749410000	87.6540000000000
1.7030800000000	0.0179688000000	0.0000000000000	-0.0000038927602	0.0001494890000	0.0001494890000	86.8860000000000
1.7519200000000	0.0180656000000	0.0000000000000	-0.0000039191946	0.0001253490000	0.0001253490000	87.6600000000000
1.7179200000000	0.0181626000000	0.0000000000000	-0.0000038726329	0.0001009110000	0.0001009110000	87.3120000000000
1.7667600000000	0.0182595000000	0.0000000000000	-0.0000038272728	0.0000873213000	0.0000873213000	89.2560000000000
1.7475900000000	0.0183562000000	0.0000000000000	-0.0000037208317	0.0000719433000	0.0000719433000	88.6860000000000
1.7649000000000	0.0184540000000	0.0000000000000	-0.0000036710657	0.0000615721000	0.0000615721000	88.2600000000000
1.7939600000000	0.0185532000000	0.0000000000000	-0.0000037110181	0.0000504258000	0.0000504258000	86.7900000000000
1.7735600000000	0.0186541000000	0.0000000000000	-0.0000035346844	0.0000452402000	0.0000452402000	93.6300000000000
1.8180600000000	0.0187564000000	0.0000000000000	-0.0000033503400	0.0000365975000	0.0000365975000	87.5700000000000
1.7865400000000	0.0188557000000	0.0000000000000	-0.0000033686643	0.0000268818000	0.0000268818000	87.1380000000000
1.8390800000000	0.0189547000000	0.0000000000000	-0.0000032941656	0.0000259877000	0.0000259877000	87.6240000000000
1.8050800000000	0.0190526000000	0.0000000000000	-0.0000031902281	0.0000238420000	0.0000238420000	84.0060000000000
1.8551600000000	0.0191479000000	0.0000000000000	-0.0000031371578	0.0000140071000	0.0000140071000	94.5300000000000
1.8390800000000	0.0192467000000	0.0000000000000	-0.0000030563507	0.0000118614000	0.0000118614000	96.2160000000000
1.8613400000000	0.0193440000000	0.0000000000000	-0.0000029499096	-0.0000094772000	0.0000094772000	-164.7840000000000
1.8743200000000	0.0194421000000	0.0000000000000	-0.0000029459043	0.0000076890600	0.0000076890600	107.8020000000000
1.8582500000000	0.0195384000000	0.0000000000000	-0.0000029863586	0.0000032186700	0.0000032186700	99.1620000000000
1.8996600000000	0.0196381000000	0.0000000000000	-0.0000030152969	0.0000054240500	0.0000054240500	108.1860000000000
1.8767900000000	0.0197373000000	0.0000000000000	-0.0000029334885	0.0000049472100	0.0000049472100	146.2140000000000
1.9243900000000	0.0198392000000	0.0000000000000	-0.0000027964068	0.0000012517000	0.0000012517000	117.6420000000000
1.8947200000000	0.0199387000000	0.0000000000000	-0.0000027153994	-0.0000019669700	0.0000019669700	-169.0800000000000
1.9429400000000	0.0200375000000	0.0000000000000	-0.0000026733438	-0.0000035762900	0.0000035762900	-78.6900000000000
