B Current (A)	Magnetic field (mT)	V_diode (V)	V_device (V)	V_abs	V_abs_R	V_abs_Theta
1.1739200000000	0.0122404000000	0.0000000000000	-0.0000009207188	-0.0000131727000	0.0000131727000	-88.4220000000000
1.1770100000000	0.0123299000000	0.0000000000000	-0.0000009391433	-0.0000154973000	0.0000154973000	-94.4640000000000
1.1646500000000	0.0124233000000	0.0000000000000	-0.0000009190167	-0.0000154973000	0.0000154973000	-79.1880000000000
1.1924700000000	0.0125197000000	0.0000000000000	-0.0000009402448	-0.0000144244000	0.0000144244000	-93.8340000000000
1.1869000000000	0.0126171000000	0.0000000000000	-0.0000009792964	-0.0000187160000	0.0000187160000	-88.4280000000000
1.1899900000000	0.0127133000000	0.0000000000000	-0.0000009725876	-0.0000207425000	0.0000207425000	-98.9400000000000
1.2295600000000	0.0128106000000	0.0000000000000	-0.0000010916453	-0.0000191332000	0.0000191332000	-86.3940000000000
1.2073000000000	0.0129069000000	0.0000000000000	-0.0000011598355	-0.0000194312000	0.0000194312000	-85.1700000000000
1.2530500000000	0.0130027000000	0.0000000000000	-0.0000011049629	-0.0000224711000	0.0000224711000	-93.7260000000000
1.2196700000000	0.0130960000000	0.0000000000000	-0.0000010742222	-0.0000225307000	0.0000225307000	-97.0320000000000
1.2703600000000	0.0131896000000	0.0000000000000	-0.0000010543960	-0.0000243188000	0.0000243188000	-86.3280000000000
1.2505700000000	0.0132864000000	0.0000000000000	-0.0000011869714	-0.0000270010000	0.0000270010000	-93.0540000000000
1.2783900000000	0.0133817000000	0.0000000000000	-0.0000012224184	-0.0000248553000	0.0000248553000	-86.2860000000000
1.2870500000000	0.0134777000000	0.0000000000000	-0.0000013178447	-0.0000296832000	0.0000296832000	-86.8260000000000
1.2981700000000	0.0135759000000	0.0000000000000	-0.0000013288593	-0.0000340941000	0.0000340941000	-92.4720000000000
1.2889000000000	0.0136749000000	0.0000000000000	-0.0000014235846	-0.0000336769000	0.0000336769000	-90.3360000000000
1.3086800000000	0.0137723000000	0.0000000000000	-0.0000015534566	-0.0000402334000	0.0000402334000	-95.2680000000000
1.3426800000000	0.0138720000000	0.0000000000000	-0.0000016804247	-0.0000463130000	0.0000463130000	-94.5480000000000
1.3062100000000	0.0139680000000	0.0000000000000	-0.0000017213789	-0.0000496509000	0.0000496509000	-92.3940000000000
1.3575200000000	0.0140626000000	0.0000000000000	-0.0000019387667	-0.0000515583000	0.0000515583000	-86.5380000000000
1.3346500000000	0.0141573000000	0.0000000000000	-0.0000020839589	-0.0000600221000	0.0000600221000	-90.6720000000000
1.3748300000000	0.0142535000000	0.0000000000000	-0.0000020786521	-0.0000685458000	0.0000685458000	-90.3060000000000
1.3439200000000	0.0143510000000	0.0000000000000	-0.0000020337928	-0.0000788574000	0.0000788574000	-93.2340000000000
1.3915200000000	0.0144469000000	0.0000000000000	-0.0000023254789	-0.0000867848000	0.0000867848000	-91.5780000000000
1.3754500000000	0.0145455000000	0.0000000000000	-0.0000025842215	-0.0000948315000	0.0000948315000	-91.0440000000000
1.3939900000000	0.0146440000000	0.0000000000000	-0.0000025475729	-0.0001080040000	0.0001080040000	-92.4360000000000
1.4199600000000	0.0147434000000	0.0000000000000	-0.0000025990406	-0.0001240380000	0.0001240380000	-93.2100000000000
1.4094500000000	0.0148419000000	0.0000000000000	-0.0000026807488	-0.0001415020000	0.0001415020000	-92.3280000000000
1.4335600000000	0.0149424000000	0.0000000000000	-0.0000027171970	-0.0001565820000	0.0001565820000	-90.2400000000000
1.4211900000000	0.0150393000000	0.0000000000000	-0.0000027329178	-0.0001742850000	0.0001742850000	-91.8600000000000
1.4675600000000	0.0151353000000	0.0000000000000	-0.0000026775445	-0.0001853120000	0.0001853120000	-91.9200000000000
1.4298500000000	0.0152301000000	0.0000000000000	-0.0000026733387	-0.0002037300000	0.0002037300000	-93.0720000000000
1.4706500000000	0.0153268000000	0.0000000000000	-0.0000029254724	-0.0002065310000	0.0002065310000	-92.0760000000000
1.4694100000000	0.0154245000000	0.0000000000000	-0.0000029593172	-0.0002052200000	0.0002052200000	-92.6820000000000
1.4990800000000	0.0155209000000	0.0000000000000	-0.0000027829838	-0.0001831060000	0.0001831060000	-92.5620000000000
1.4811600000000	0.0156202000000	0.0000000000000	-0.0000026457021	-0.0001519330000	0.0001519330000	-93.8100000000000
1.5021700000000	0.0157206000000	0.0000000000000	-0.0000023898636	-0.0000954871000	0.0000954871000	-94.2900000000000
1.5275200000000	0.0158198000000	0.0000000000000	-0.0000020264826	-0.0000267030000	0.0000267030000	-94.5720000000000
1.5040300000000	0.0159191000000	0.0000000000000	-0.0000019729117	0.0000473263000	0.0000473263000	89.6460000000000
1.5473000000000	0.0160180000000	0.0000000000000	-0.0000015907058	0.0001239790000	0.0001239790000	86.8920000000000
1.5170100000000	0.0161134000000	0.0000000000000	-0.0000012490536	0.0001799470000	0.0001799470000	88.5480000000000
1.5695600000000	0.0162089000000	0.0000000000000	-0.0000009293301	0.0002184520000	0.0002184520000	86.4240000000000
1.5466800000000	0.0163061000000	0.0000000000000	-0.0000005935858	0.0002445600000	0.0002445600000	87.3120000000000
1.5658500000000	0.0164027000000	0.0000000000000	-0.0000005447212	0.0002451560000	0.0002451560000	87.9540000000000
1.5813000000000	0.0165053000000	0.0000000000000	-0.0000002679549	0.0002340680000	0.0002340680000	87.4440000000000
1.5862500000000	0.0166056000000	0.0000000000000	-0.0000000370488	0.0002134450000	0.0002134450000	87.1980000000000
1.5967600000000	0.0167058000000	0.0000000000000	0.0000001642183	0.0001901990000	0.0001901990000	88.6500000000000
1.6029400000000	0.0168044000000	0.0000000000000	0.0000002748650	0.0001628410000	0.0001628410000	88.1040000000000
1.6344600000000	0.0168994000000	0.0000000000000	0.0000003721941	0.0001403100000	0.0001403100000	87.5340000000000
1.6029400000000	0.0169948000000	0.0000000000000	0.0000004062393	0.0001184940000	0.0001184940000	88.5300000000000
1.6561000000000	0.0170930000000	0.0000000000000	0.0000004675206	0.0000998979000	0.0000998979000	87.3300000000000
1.6270500000000	0.0171919000000	0.0000000000000	0.0000004466929	0.0000837450000	0.0000837450000	88.6500000000000
1.6727900000000	0.0172931000000	0.0000000000000	0.0000002876820	0.0000690226000	0.0000690226000	87.1140000000000
1.6443600000000	0.0173939000000	0.0000000000000	0.0000002642510	0.0000553133000	0.0000553133000	88.3860000000000
1.6962800000000	0.0174924000000	0.0000000000000	0.0000002030698	0.0000505450000	0.0000505450000	88.7280000000000
1.6641400000000	0.0175874000000	0.0000000000000	0.0000001577097	0.0000420811000	0.0000420811000	87.3660000000000
1.7055600000000	0.0176850000000	0.0000000000000	0.0000000473632	0.0000333788000	0.0000333788000	91.3740000000000
1.7117400000000	0.0177820000000	0.0000000000000	0.0000000828103	0.0000312927000	0.0000312927000	91.1100000000000
1.7092600000000	0.0178803000000	0.0000000000000	0.0000001730299	0.0000236632000	0.0000236632000	85.2300000000000
1.7432600000000	0.0179825000000	0.0000000000000	0.0000002561401	0.0000191332000	0.0000191332000	84.5100000000000
1.7092600000000	0.0180828000000	0.0000000000000	0.0000003402517	0.0000174643000	0.0000174643000	83.4540000000000
1.7593400000000	0.0181841000000	0.0000000000000	0.0000003427551	0.0000126362000	0.0000126362000	82.3740000000000
1.7346100000000	0.0182792000000	0.0000000000000	0.0000003753984	0.0000101328000	0.0000101328000	98.0280000000000
1.7698500000000	0.0183753000000	0.0000000000000	0.0000003256324	0.0000095368000	0.0000095368000	82.3380000000000
1.7673700000000	0.0184727000000	0.0000000000000	0.0000002417211	0.0000078678700	0.0000078678700	62.0340000000000
1.7995200000000	0.0185690000000	0.0000000000000	0.0000001315750	0.0000043511700	0.0000043511700	110.1720000000000
1.7704600000000	0.0186716000000	0.0000000000000	0.0000002153860	0.0000046491900	0.0000046491900	76.4040000000000
1.8087900000000	0.0187732000000	0.0000000000000	0.0000002979955	0.0000034570800	0.0000034570800	139.8960000000000
1.7970500000000	0.0188733000000	0.0000000000000	0.0000003164200	0.0000029802500	0.0000029802500	62.6340000000000
1.8205400000000	0.0189689000000	0.0000000000000	0.0000003252316	-0.0000007152590	0.0000007152590	-95.1960000000000
1.8335200000000	0.0190646000000	0.0000000000000	0.0000003234293	0.0000032782700	0.0000032782700	42.9960000000000
1.8193000000000	0.0191607000000	0.0000000000000	0.0000002660532	0.0000042319600	0.0000042319600	174.2460000000000
1.8601000000000	0.0192614000000	0.0000000000000	0.0000002018681	0.0000004768410	0.0000004768410	60.6420000000000
1.8329000000000	0.0193642000000	0.0000000000000	0.0000002144848	-0.0000014305200	0.0000014305200	-87.0660000000000
1.8897700000000	0.0194639000000	0.0000000000000	0.0000002487302	-0.0000020265700	0.0000020265700	-100.8840000000000
1.8526800000000	0.0195635000000	0.0000000000000	0.0000002853788	-0.0000036955000	0.0000036955000	-86.7000000000000
1.8959600000000	0.0196573000000	0.0000000000000	0.0000002710598	-0.0000024438000	0.0000024438000	-87.6360000000000
1.8842100000000	0.0197537000000	0.0000000000000	0.0000002151857	-0.0000057816800	0.0000057816800	-129.1380000000000
1.9083200000000	0.0198517000000	0.0000000000000	0.0000001991645	-0.0000043511700	0.0000043511700	-81.1980000000000
1.9243900000000	0.0199521000000	0.0000000000000	0.0000001250662	-0.0000062585200	0.0000062585200	-92.7420000000000
1.9163600000000	0.0200546000000	0.0000000000000	0.0000001472957	-0.0000073910100	0.0000073910100	-36.0240000000000
