B Current (A)	Magnetic field (mT)	V_diode (V)	V_device (V)	V_abs	V_abs_R	V_abs_Theta
1.1337400000000	0.0122057000000	0.0000000000000	-0.0000015348318	-0.0000082851000	0.0000082851000	-105.4860000000000
1.1850500000000	0.0122947000000	0.0000000000000	-0.0000014798590	-0.0000135899000	0.0000135899000	-100.8720000000000
1.1572300000000	0.0123880000000	0.0000000000000	-0.0000015030897	-0.0000126362000	0.0000126362000	-88.0740000000000
1.1998800000000	0.0124849000000	0.0000000000000	-0.0000015887026	-0.0000106097000	0.0000106097000	-91.6560000000000
1.1763900000000	0.0125834000000	0.0000000000000	-0.0000016712118	-0.0000152589000	0.0000152589000	-103.9440000000000
1.2122500000000	0.0126811000000	0.0000000000000	-0.0000016771196	-0.0000141264000	0.0000141264000	-86.2980000000000
1.2196700000000	0.0127767000000	0.0000000000000	-0.0000017878662	-0.0000135303000	0.0000135303000	-93.7200000000000
1.2128700000000	0.0128687000000	0.0000000000000	-0.0000018087938	-0.0000166894000	0.0000166894000	-81.7440000000000
1.2437700000000	0.0129643000000	0.0000000000000	-0.0000018244143	-0.0000166298000	0.0000166298000	-106.0560000000000
1.2375900000000	0.0130601000000	0.0000000000000	-0.0000018898008	-0.0000184180000	0.0000184180000	-95.4180000000000
1.2765400000000	0.0131598000000	0.0000000000000	-0.0000019728106	-0.0000198485000	0.0000198485000	-90.3960000000000
1.2406800000000	0.0132608000000	0.0000000000000	-0.0000020598257	-0.0000168086000	0.0000168086000	-57.7260000000000
1.2889000000000	0.0133566000000	0.0000000000000	-0.0000020967746	-0.0000221730000	0.0000221730000	-89.7420000000000
1.2629400000000	0.0134492000000	0.0000000000000	-0.0000021363267	-0.0000219942000	0.0000219942000	-98.5020000000000
1.2975600000000	0.0135443000000	0.0000000000000	-0.0000022312523	-0.0000278355000	0.0000278355000	-89.4300000000000
1.2932300000000	0.0136405000000	0.0000000000000	-0.0000023906632	-0.0000327232000	0.0000327232000	-93.7800000000000
1.3303200000000	0.0137416000000	0.0000000000000	-0.0000025940322	-0.0000316503000	0.0000316503000	-94.5300000000000
1.3259900000000	0.0138429000000	0.0000000000000	-0.0000027908927	-0.0000351074000	0.0000351074000	-91.7820000000000
1.3148700000000	0.0139374000000	0.0000000000000	-0.0000027589502	-0.0000397565000	0.0000397565000	-93.5040000000000
1.3569000000000	0.0140313000000	0.0000000000000	-0.0000027961995	-0.0000492933000	0.0000492933000	-93.7620000000000
1.3272300000000	0.0141261000000	0.0000000000000	-0.0000028930276	-0.0000469687000	0.0000469687000	-93.0720000000000
1.3803900000000	0.0142273000000	0.0000000000000	-0.0000030578456	-0.0000528099000	0.0000528099000	-88.4580000000000
1.3494800000000	0.0143303000000	0.0000000000000	-0.0000031647871	-0.0000601413000	0.0000601413000	-91.8900000000000
1.3909000000000	0.0144253000000	0.0000000000000	-0.0000033026698	-0.0000697975000	0.0000697975000	-90.6840000000000
1.3754500000000	0.0145194000000	0.0000000000000	-0.0000033949919	-0.0000750427000	0.0000750427000	-91.4820000000000
1.4014100000000	0.0146152000000	0.0000000000000	-0.0000034257326	-0.0000895266000	0.0000895266000	-91.9800000000000
1.4113000000000	0.0147171000000	0.0000000000000	-0.0000034595774	-0.0000974541000	0.0000974541000	-93.7620000000000
1.4113000000000	0.0148168000000	0.0000000000000	-0.0000036883800	-0.0001133690000	0.0001133690000	-93.1620000000000
1.4143900000000	0.0149131000000	0.0000000000000	-0.0000039088723	-0.0001258260000	0.0001258260000	-92.0760000000000
1.4304700000000	0.0150078000000	0.0000000000000	-0.0000039841719	-0.0001413830000	0.0001413830000	-90.8640000000000
1.4626100000000	0.0151051000000	0.0000000000000	-0.0000040707865	-0.0001534830000	0.0001534830000	-91.1160000000000
1.4347900000000	0.0152072000000	0.0000000000000	-0.0000040912136	-0.0001645100000	0.0001645100000	-92.2080000000000
1.4848700000000	0.0153074000000	0.0000000000000	-0.0000040913137	-0.0001696360000	0.0001696360000	-91.9140000000000
1.4533400000000	0.0154019000000	0.0000000000000	-0.0000041084365	-0.0001658210000	0.0001658210000	-91.4040000000000
1.4953700000000	0.0154981000000	0.0000000000000	-0.0000039757610	-0.0001493110000	0.0001493110000	-92.8560000000000
1.4725000000000	0.0155975000000	0.0000000000000	-0.0000037814038	-0.0001156330000	0.0001156330000	-92.7420000000000
1.5170100000000	0.0156986000000	0.0000000000000	-0.0000035429883	-0.0000719433000	0.0000719433000	-95.0940000000000
1.5058800000000	0.0157973000000	0.0000000000000	-0.0000030629532	-0.0000152589000	0.0000152589000	-78.3840000000000
1.5065000000000	0.0158908000000	0.0000000000000	-0.0000026935644	0.0000415447000	0.0000415447000	87.0180000000000
1.5435900000000	0.0159885000000	0.0000000000000	-0.0000021754789	0.0001000770000	0.0001000770000	88.2000000000000
1.5386500000000	0.0160898000000	0.0000000000000	-0.0000017039550	0.0001491320000	0.0001491320000	87.4860000000000
1.5652300000000	0.0161915000000	0.0000000000000	-0.0000012336327	0.0001850140000	0.0001850140000	88.4640000000000
1.5380300000000	0.0162883000000	0.0000000000000	-0.0000008480225	0.0001975310000	0.0001975310000	87.1320000000000
1.5850100000000	0.0163833000000	0.0000000000000	-0.0000004161511	0.0002004510000	0.0002004510000	87.6420000000000
1.5615200000000	0.0164802000000	0.0000000000000	-0.0000000821085	0.0001831060000	0.0001831060000	92.7420000000000
1.6017000000000	0.0165813000000	0.0000000000000	0.0000001153533	0.0001698740000	0.0001698740000	87.2220000000000
1.5967600000000	0.0166840000000	0.0000000000000	0.0000003376481	0.0001528270000	0.0001528270000	86.6640000000000
1.6183900000000	0.0167814000000	0.0000000000000	0.0000005190886	0.0001325020000	0.0001325020000	86.8140000000000
1.6295200000000	0.0168761000000	0.0000000000000	0.0000005926861	0.0001095540000	0.0001095540000	88.4460000000000
1.6078800000000	0.0169719000000	0.0000000000000	0.0000007523979	0.0000932221000	0.0000932221000	86.8800000000000
1.6561000000000	0.0170730000000	0.0000000000000	0.0000007655153	0.0000783210000	0.0000783210000	86.0220000000000
1.6245700000000	0.0171747000000	0.0000000000000	0.0000006578725	0.0000684266000	0.0000684266000	88.8840000000000
1.6734100000000	0.0172752000000	0.0000000000000	0.0000005934872	0.0000596645000	0.0000596645000	86.0940000000000
1.6486800000000	0.0173699000000	0.0000000000000	0.0000005865782	0.0000464919000	0.0000464919000	87.9360000000000
1.6913400000000	0.0174666000000	0.0000000000000	0.0000006048024	0.0000452402000	0.0000452402000	91.3320000000000
1.6746500000000	0.0175633000000	0.0000000000000	0.0000005114787	0.0000334384000	0.0000334384000	89.7660000000000
1.7024600000000	0.0176663000000	0.0000000000000	0.0000005967918	0.0000287296000	0.0000287296000	85.2540000000000
1.7055600000000	0.0177675000000	0.0000000000000	0.0000005901830	0.0000265242000	0.0000265242000	87.5220000000000
1.7061700000000	0.0178663000000	0.0000000000000	0.0000007159498	0.0000175835000	0.0000175835000	90.4440000000000
1.7315200000000	0.0179610000000	0.0000000000000	0.0000007098417	0.0000161530000	0.0000161530000	81.3300000000000
1.7197700000000	0.0180571000000	0.0000000000000	0.0000007008297	0.0000136495000	0.0000136495000	72.2520000000000
1.7618100000000	0.0181567000000	0.0000000000000	0.0000007132462	0.0000102521000	0.0000102521000	79.0980000000000
1.7309000000000	0.0182588000000	0.0000000000000	0.0000006106101	0.0000108481000	0.0000108481000	87.4200000000000
1.7772600000000	0.0183599000000	0.0000000000000	0.0000006366447	0.0000088811500	0.0000088811500	102.7320000000000
1.7537700000000	0.0184581000000	0.0000000000000	0.0000005897825	0.0000059008900	0.0000059008900	84.3900000000000
1.7951900000000	0.0185525000000	0.0000000000000	0.0000006049026	0.0000036955000	0.0000036955000	82.6320000000000
1.7667600000000	0.0186491000000	0.0000000000000	0.0000004705244	0.0000037551100	0.0000037551100	49.7880000000000
1.8168300000000	0.0187480000000	0.0000000000000	0.0000003691900	0.0000017881500	0.0000017881500	128.6580000000000
1.8038500000000	0.0188508000000	0.0000000000000	0.0000003157191	0.0000038147300	0.0000038147300	47.2020000000000
1.8063200000000	0.0189508000000	0.0000000000000	0.0000002905858	0.0000046491900	0.0000046491900	76.4400000000000
1.8409400000000	0.0190485000000	0.0000000000000	0.0000002940904	0.0000027418300	0.0000027418300	140.8440000000000
1.8378500000000	0.0191425000000	0.0000000000000	0.0000003636827	0.0000013709100	0.0000013709100	133.3620000000000
1.8446500000000	0.0192414000000	0.0000000000000	0.0000003406522	-0.0000056624700	0.0000056624700	-91.7220000000000
1.8502100000000	0.0193418000000	0.0000000000000	0.0000002676553	-0.0000035762900	0.0000035762900	-108.4320000000000
1.8730800000000	0.0194432000000	0.0000000000000	0.0000002120816	-0.0000013113100	0.0000013113100	-154.4700000000000
1.8625700000000	0.0195430000000	0.0000000000000	0.0000002701586	0.0000020861800	0.0000020861800	29.9820000000000
1.9070800000000	0.0196373000000	0.0000000000000	0.0000002402189	-0.0000005960500	0.0000005960500	-127.5660000000000
1.8730800000000	0.0197339000000	0.0000000000000	0.0000002404192	-0.0000061989100	0.0000061989100	-128.2440000000000
1.9194500000000	0.0198324000000	0.0000000000000	0.0000002595446	-0.0000054836600	0.0000054836600	-97.9500000000000
1.9299600000000	0.0199358000000	0.0000000000000	0.0000002009669	-0.0000039339400	0.0000039339400	-113.2620000000000
1.9126500000000	0.0200367000000	0.0000000000000	0.0000001928562	-0.0000029802500	0.0000029802500	-164.5380000000000
