B Current (A)	Magnetic field (mT)	V_diode (V)	V_device (V)	V_abs	V_abs_R	V_abs_Theta
1.1590800000000	0.0122656000000	0.0000000000000	-0.0000010992579	-0.0000261070000	0.0000261070000	-85.6260000000000
1.1640300000000	0.0123556000000	0.0000000000000	-0.0000011633429	-0.0000084043100	0.0000084043100	-105.1380000000000
1.1751600000000	0.0124487000000	0.0000000000000	-0.0000013449839	-0.0000080466900	0.0000080466900	-88.1940000000000
1.1788700000000	0.0125421000000	0.0000000000000	-0.0000014659444	-0.0000237824000	0.0000237824000	-85.2360000000000
1.2085400000000	0.0126360000000	0.0000000000000	-0.0000016132399	-0.0000072121900	0.0000072121900	-91.0620000000000
1.1844300000000	0.0127288000000	0.0000000000000	-0.0000017174782	-0.0000085831300	0.0000085831300	-96.7200000000000
1.2338800000000	0.0128240000000	0.0000000000000	-0.0000017768570	-0.0000116826000	0.0000116826000	-101.6940000000000
1.2073000000000	0.0129179000000	0.0000000000000	-0.0000017120710	-0.0000105501000	0.0000105501000	-118.1880000000000
1.2481000000000	0.0130136000000	0.0000000000000	-0.0000016157432	-0.0000091195700	0.0000091195700	-93.1320000000000
1.2221400000000	0.0131087000000	0.0000000000000	-0.0000014940817	-0.0000110269000	0.0000110269000	-98.4060000000000
1.2685000000000	0.0132039000000	0.0000000000000	-0.0000014662447	-0.0000081062900	0.0000081062900	-79.1220000000000
1.2493400000000	0.0133015000000	0.0000000000000	-0.0000015906097	-0.0000134707000	0.0000134707000	-90.2940000000000
1.2814800000000	0.0133972000000	0.0000000000000	-0.0000017373044	-0.0000122190000	0.0000122190000	-87.3720000000000
1.2821000000000	0.0134931000000	0.0000000000000	-0.0000017216836	-0.0000138879000	0.0000138879000	-96.3420000000000
1.2759200000000	0.0135889000000	0.0000000000000	-0.0000018437456	-0.0000152589000	0.0000152589000	-81.4200000000000
1.3185700000000	0.0136850000000	0.0000000000000	-0.0000018164093	-0.0000184776000	0.0000184776000	-89.5920000000000
1.2882800000000	0.0137816000000	0.0000000000000	-0.0000019677101	-0.0000147820000	0.0000147820000	-99.6180000000000
1.3383600000000	0.0138797000000	0.0000000000000	-0.0000019869356	-0.0000193716000	0.0000193716000	-86.5920000000000
1.3074500000000	0.0139755000000	0.0000000000000	-0.0000018422436	-0.0000231267000	0.0000231267000	-99.6840000000000
1.3525700000000	0.0140722000000	0.0000000000000	-0.0000017707484	-0.0000205637000	0.0000205637000	-90.3720000000000
1.3334100000000	0.0141690000000	0.0000000000000	-0.0000018859012	-0.0000247360000	0.0000247360000	-88.7700000000000
1.3643200000000	0.0142655000000	0.0000000000000	-0.0000018071968	-0.0000244976000	0.0000244976000	-93.1920000000000
1.3748300000000	0.0143646000000	0.0000000000000	-0.0000018482512	-0.0000277759000	0.0000277759000	-96.5820000000000
1.3569000000000	0.0144622000000	0.0000000000000	-0.0000019040252	-0.0000308754000	0.0000308754000	-91.7760000000000
1.4026500000000	0.0145598000000	0.0000000000000	-0.0000019308602	-0.0000373723000	0.0000373723000	-94.1580000000000
1.3834800000000	0.0146561000000	0.0000000000000	-0.0000019575957	-0.0000413063000	0.0000413063000	-91.4340000000000
1.4292300000000	0.0147535000000	0.0000000000000	-0.0000020490169	-0.0000419023000	0.0000419023000	-88.5000000000000
1.3939900000000	0.0148519000000	0.0000000000000	-0.0000020686430	-0.0000489356000	0.0000489356000	-94.2480000000000
1.4440700000000	0.0149505000000	0.0000000000000	-0.0000021908050	-0.0000483396000	0.0000483396000	-86.3160000000000
1.4255200000000	0.0150470000000	0.0000000000000	-0.0000023640346	-0.0000587108000	0.0000587108000	-91.5600000000000
1.4626100000000	0.0151438000000	0.0000000000000	-0.0000025741132	-0.0000703339000	0.0000703339000	-90.1080000000000
1.4465400000000	0.0152419000000	0.0000000000000	-0.0000027121964	-0.0000793342000	0.0000793342000	-91.9320000000000
1.4545700000000	0.0153385000000	0.0000000000000	-0.0000027788848	-0.0000906591000	0.0000906591000	-92.7480000000000
1.4854800000000	0.0154375000000	0.0000000000000	-0.0000029532160	-0.0000981097000	0.0000981097000	-93.4920000000000
1.4582800000000	0.0155338000000	0.0000000000000	-0.0000029948717	-0.0001127720000	0.0001127720000	-92.7000000000000
1.5089700000000	0.0156310000000	0.0000000000000	-0.0000029324889	-0.0001244550000	0.0001244550000	-93.0900000000000
1.4817700000000	0.0157274000000	0.0000000000000	-0.0000030527484	-0.0001313100000	0.0001313100000	-91.4700000000000
1.5306100000000	0.0158246000000	0.0000000000000	-0.0000031609920	-0.0001369720000	0.0001369720000	-91.9380000000000
1.5034100000000	0.0159208000000	0.0000000000000	-0.0000031727075	-0.0001326210000	0.0001326210000	-92.3100000000000
1.5423600000000	0.0160192000000	0.0000000000000	-0.0000031331555	-0.0001242170000	0.0001242170000	-91.3980000000000
1.5207200000000	0.0161153000000	0.0000000000000	-0.0000031252450	-0.0001051430000	0.0001051430000	-91.6260000000000
1.5503900000000	0.0162120000000	0.0000000000000	-0.0000029423023	-0.0000728969000	0.0000728969000	-95.4000000000000
1.5578100000000	0.0163096000000	0.0000000000000	-0.0000027650672	-0.0000274183000	0.0000274183000	-94.1460000000000
1.5528600000000	0.0164075000000	0.0000000000000	-0.0000024225128	0.0000163318000	0.0000163318000	99.0840000000000
1.5936600000000	0.0165079000000	0.0000000000000	-0.0000020243849	0.0000675921000	0.0000675921000	88.3800000000000
1.5738800000000	0.0166056000000	0.0000000000000	-0.0000016016241	0.0001108650000	0.0001108650000	87.7380000000000
1.6165400000000	0.0167042000000	0.0000000000000	-0.0000010489910	0.0001404890000	0.0001404890000	87.7440000000000
1.5837700000000	0.0168035000000	0.0000000000000	-0.0000005325059	0.0001630790000	0.0001630790000	87.5100000000000
1.6344600000000	0.0169034000000	0.0000000000000	-0.0000001699246	0.0001685030000	0.0001685030000	86.8860000000000
1.6103600000000	0.0170028000000	0.0000000000000	0.0000001432918	0.0001627810000	0.0001627810000	89.1420000000000
1.6567200000000	0.0171016000000	0.0000000000000	0.0000003531708	0.0001512180000	0.0001512180000	88.7100000000000
1.6245700000000	0.0171994000000	0.0000000000000	0.0000005254999	0.0001360780000	0.0001360780000	87.2700000000000
1.6641400000000	0.0172958000000	0.0000000000000	0.0000007507993	0.0001195670000	0.0001195670000	87.4200000000000
1.6635200000000	0.0173933000000	0.0000000000000	0.0000008879817	0.0001038320000	0.0001038320000	89.1060000000000
1.6697000000000	0.0174898000000	0.0000000000000	0.0000009034018	0.0000889306000	0.0000889306000	88.1100000000000
1.6901000000000	0.0175857000000	0.0000000000000	0.0000009175205	0.0000764732000	0.0000764732000	89.9280000000000
1.6808300000000	0.0176837000000	0.0000000000000	0.0000009396499	0.0000647907000	0.0000647907000	88.9620000000000
1.7241000000000	0.0177821000000	0.0000000000000	0.0000009916190	0.0000541809000	0.0000541809000	91.5180000000000
1.6944300000000	0.0178808000000	0.0000000000000	0.0000009799034	0.0000487568000	0.0000487568000	90.1200000000000
1.7383200000000	0.0179795000000	0.0000000000000	0.0000009094097	0.0000389221000	0.0000389221000	89.0760000000000
1.7185400000000	0.0180781000000	0.0000000000000	0.0000008119802	0.0000361803000	0.0000361803000	83.6700000000000
1.7574800000000	0.0181785000000	0.0000000000000	0.0000005633498	0.0000279547000	0.0000279547000	81.7080000000000
1.7438800000000	0.0182775000000	0.0000000000000	0.0000005763671	0.0000225903000	0.0000225903000	86.6220000000000
1.7636600000000	0.0183773000000	0.0000000000000	0.0000005662537	0.0000187160000	0.0000187160000	79.7340000000000
1.7747900000000	0.0184771000000	0.0000000000000	0.0000005278027	0.0000178219000	0.0000178219000	95.7300000000000
1.7661400000000	0.0185755000000	0.0000000000000	0.0000005768679	0.0000143648000	0.0000143648000	83.0940000000000
1.8094100000000	0.0186741000000	0.0000000000000	0.0000005749654	0.0000116230000	0.0000116230000	80.0220000000000
1.7772600000000	0.0187746000000	0.0000000000000	0.0000005246986	0.0000048876100	0.0000048876100	73.3740000000000
1.8242500000000	0.0188723000000	0.0000000000000	0.0000005362139	0.0000063777300	0.0000063777300	96.2700000000000
1.8044600000000	0.0189690000000	0.0000000000000	0.0000003676899	0.0000064969400	0.0000064969400	98.2380000000000
1.8409400000000	0.0190664000000	0.0000000000000	0.0000002240991	0.0000057816800	0.0000057816800	59.5140000000000
1.8174500000000	0.0191648000000	0.0000000000000	0.0000001336789	0.0000042915600	0.0000042915600	122.7660000000000
1.8662800000000	0.0192639000000	0.0000000000000	0.0000001484986	0.0000058412800	0.0000058412800	52.8540000000000
1.8372300000000	0.0193613000000	0.0000000000000	-0.0000000691907	0.0000063181200	0.0000063181200	123.2040000000000
1.8873000000000	0.0194577000000	0.0000000000000	-0.0000001453920	0.0000037551100	0.0000037551100	51.4140000000000
1.8631900000000	0.0195553000000	0.0000000000000	-0.0000001914532	-0.0000017881500	0.0000017881500	-152.0520000000000
1.8897700000000	0.0196518000000	0.0000000000000	-0.0000002041701	0.0000061989100	0.0000061989100	42.6600000000000
1.9132600000000	0.0197496000000	0.0000000000000	-0.0000002308055	0.0000016689400	0.0000016689400	23.7180000000000
1.8879200000000	0.0198498000000	0.0000000000000	-0.0000001599113	0.0000007748640	0.0000007748640	8.8800000000000
1.9318100000000	0.0199483000000	0.0000000000000	-0.0000000782027	0.0000013709100	0.0000013709100	120.9660000000000
1.9077000000000	0.0200477000000	0.0000000000000	0.0000002103809	0.0000027418300	0.0000027418300	172.4880000000000
