B Current (A)	Magnetic field (mT)	V_diode (V)	V_device (V)	V_abs	V_abs_R	V_abs_Theta
1.1374500000000	0.0122811000000	0.0000000000000	0.0000030256197	-0.0000244380000	0.0000244380000	-103.3620000000000
1.1862800000000	0.0123726000000	0.0000000000000	0.0000031578954	-0.0000235440000	0.0000235440000	-89.2020000000000
1.1621700000000	0.0124661000000	0.0000000000000	0.0000032424076	-0.0000268222000	0.0000268222000	-86.9040000000000
1.1943200000000	0.0125600000000	0.0000000000000	0.0000033216128	-0.0000274779000	0.0000274779000	-93.2640000000000
1.1881400000000	0.0126551000000	0.0000000000000	0.0000033023873	-0.0000259281000	0.0000259281000	-95.0700000000000
1.2054500000000	0.0127500000000	0.0000000000000	0.0000033760852	-0.0000238420000	0.0000238420000	-91.2000000000000
1.2239900000000	0.0128473000000	0.0000000000000	0.0000034518859	-0.0000296236000	0.0000296236000	-94.9920000000000
1.2085400000000	0.0129414000000	0.0000000000000	0.0000035391017	-0.0000304581000	0.0000304581000	-96.5160000000000
1.2511900000000	0.0130376000000	0.0000000000000	0.0000036931061	-0.0000315311000	0.0000315311000	-91.3020000000000
1.2233700000000	0.0131329000000	0.0000000000000	0.0000039006818	-0.0000320079000	0.0000320079000	-94.9680000000000
1.2715900000000	0.0132282000000	0.0000000000000	0.0000039231116	-0.0000331404000	0.0000331404000	-86.7360000000000
1.2456300000000	0.0133250000000	0.0000000000000	0.0000040443727	-0.0000406506000	0.0000406506000	-89.1180000000000
1.2907600000000	0.0134207000000	0.0000000000000	0.0000041693387	-0.0000393989000	0.0000393989000	-86.6220000000000
1.2703600000000	0.0135159000000	0.0000000000000	0.0000043343570	-0.0000507238000	0.0000507238000	-87.6060000000000
1.2944700000000	0.0136112000000	0.0000000000000	0.0000044649304	-0.0000401142000	0.0000401142000	-96.6360000000000
1.2938500000000	0.0137074000000	0.0000000000000	0.0000044778476	-0.0000454786000	0.0000454786000	-87.8160000000000
1.3161000000000	0.0138029000000	0.0000000000000	0.0000043919335	-0.0000506642000	0.0000506642000	-90.1920000000000
1.3148700000000	0.0139009000000	0.0000000000000	0.0000043956384	-0.0000507238000	0.0000507238000	-86.7240000000000
1.3210500000000	0.0139970000000	0.0000000000000	0.0000045616593	-0.0000627046000	0.0000627046000	-86.8560000000000
1.3581400000000	0.0140934000000	0.0000000000000	0.0000047938677	-0.0000599029000	0.0000599029000	-89.2860000000000
1.3247600000000	0.0141901000000	0.0000000000000	0.0000052400602	-0.0000663404000	0.0000663404000	-93.3240000000000
1.3766800000000	0.0142863000000	0.0000000000000	0.0000055385567	-0.0000701551000	0.0000701551000	-91.1580000000000
1.3513400000000	0.0143835000000	0.0000000000000	0.0000057641563	-0.0000823741000	0.0000823741000	-88.1640000000000
1.3946100000000	0.0144799000000	0.0000000000000	0.0000059488021	-0.0000854735000	0.0000854735000	-91.8060000000000
1.3742100000000	0.0145764000000	0.0000000000000	0.0000063809761	-0.0000915532000	0.0000915532000	-93.5040000000000
1.4007900000000	0.0146724000000	0.0000000000000	0.0000067769020	-0.0001019840000	0.0001019840000	-94.0800000000000
1.4075900000000	0.0147684000000	0.0000000000000	0.0000071509989	-0.0001095540000	0.0001095540000	-92.3520000000000
1.4014100000000	0.0148652000000	0.0000000000000	0.0000074725259	-0.0001214750000	0.0001214750000	-92.1360000000000
1.4174800000000	0.0149627000000	0.0000000000000	0.0000078718573	-0.0001421580000	0.0001421580000	-93.0540000000000
1.4292300000000	0.0150599000000	0.0000000000000	0.0000082653800	-0.0001533040000	0.0001533040000	-91.8840000000000
1.4558100000000	0.0151564000000	0.0000000000000	0.0000087142763	-0.0001717220000	0.0001717220000	-92.1780000000000
1.4329400000000	0.0152532000000	0.0000000000000	0.0000092334659	-0.0001943720000	0.0001943720000	-91.5120000000000
1.4823900000000	0.0153507000000	0.0000000000000	0.0000098098315	-0.0002198230000	0.0002198230000	-91.6560000000000
1.4601400000000	0.0154495000000	0.0000000000000	0.0000102690415	-0.0002409830000	0.0002409830000	-92.1720000000000
1.4891900000000	0.0155463000000	0.0000000000000	0.0000108564217	-0.0002718590000	0.0002718590000	-91.9920000000000
1.4712700000000	0.0156438000000	0.0000000000000	0.0000113910318	-0.0003022570000	0.0003022570000	-91.3380000000000
1.5176300000000	0.0157405000000	0.0000000000000	0.0000118571510	-0.0003337880000	0.0003337880000	-90.8220000000000
1.5034100000000	0.0158385000000	0.0000000000000	0.0000122857203	-0.0003638880000	0.0003638880000	-91.5240000000000
1.5021700000000	0.0159358000000	0.0000000000000	0.0000126131550	-0.0003976840000	0.0003976840000	-91.6800000000000
1.5503900000000	0.0160365000000	0.0000000000000	0.0000128178269	-0.0004169960000	0.0004169960000	-91.9620000000000
1.5219600000000	0.0161356000000	0.0000000000000	0.0000129787406	-0.0004170560000	0.0004170560000	-92.3340000000000
1.5658500000000	0.0162346000000	0.0000000000000	0.0000129591146	-0.0003955380000	0.0003955380000	-92.0880000000000
1.5386500000000	0.0163329000000	0.0000000000000	0.0000126678277	-0.0003412380000	0.0003412380000	-93.0240000000000
1.5918100000000	0.0164312000000	0.0000000000000	0.0000119622882	-0.0002487920000	0.0002487920000	-93.1080000000000
1.5639900000000	0.0165313000000	0.0000000000000	0.0000109555512	-0.0001205210000	0.0001205210000	-93.7500000000000
1.5955200000000	0.0166288000000	0.0000000000000	0.0000097188086	0.0000285507000	0.0000285507000	96.9900000000000
1.5986100000000	0.0167274000000	0.0000000000000	0.0000081742573	0.0001841790000	0.0001841790000	88.0740000000000
1.6165400000000	0.0168258000000	0.0000000000000	0.0000064282384	0.0003266350000	0.0003266350000	87.4980000000000
1.6171600000000	0.0169243000000	0.0000000000000	0.0000045146966	0.0004335060000	0.0004335060000	87.9420000000000
1.6214800000000	0.0170216000000	0.0000000000000	0.0000026643393	0.0004967490000	0.0004967490000	87.8400000000000
1.6462100000000	0.0171211000000	0.0000000000000	0.0000008848761	0.0005207700000	0.0005207700000	88.0860000000000
1.6251900000000	0.0172195000000	0.0000000000000	-0.0000006494605	0.0005040210000	0.0005040210000	87.7380000000000
1.6740300000000	0.0173174000000	0.0000000000000	-0.0000019077280	0.0004686140000	0.0004686140000	88.0560000000000
1.6455900000000	0.0174150000000	0.0000000000000	-0.0000028593891	0.0004198570000	0.0004198570000	87.7080000000000
1.6894800000000	0.0175133000000	0.0000000000000	-0.0000037069122	0.0003592390000	0.0003592390000	87.9720000000000
1.6684600000000	0.0176110000000	0.0000000000000	-0.0000042649517	0.0003110790000	0.0003110790000	88.0380000000000
1.6950500000000	0.0177097000000	0.0000000000000	-0.0000045830733	0.0002604150000	0.0002604150000	88.0620000000000
1.7018500000000	0.0178072000000	0.0000000000000	-0.0000047676179	0.0002179160000	0.0002179160000	88.3080000000000
1.7024600000000	0.0179046000000	0.0000000000000	-0.0000048521299	0.0001816160000	0.0001816160000	88.3860000000000
1.7179200000000	0.0180031000000	0.0000000000000	-0.0000048785649	0.0001522310000	0.0001522310000	87.9720000000000
1.7339900000000	0.0180996000000	0.0000000000000	-0.0000048967891	0.0001252300000	0.0001252300000	88.5960000000000
1.7432600000000	0.0181993000000	0.0000000000000	-0.0000050417812	0.0001078250000	0.0001078250000	87.8700000000000
1.7339900000000	0.0182977000000	0.0000000000000	-0.0000050554994	0.0000916128000	0.0000916128000	88.4820000000000
1.7772600000000	0.0183955000000	0.0000000000000	-0.0000050293655	0.0000720029000	0.0000720029000	87.2640000000000
1.7543900000000	0.0184934000000	0.0000000000000	-0.0000049493595	0.0000615721000	0.0000615721000	89.2020000000000
1.7853000000000	0.0185912000000	0.0000000000000	-0.0000047788335	0.0000542405000	0.0000542405000	90.2100000000000
1.7723200000000	0.0186908000000	0.0000000000000	-0.0000047810364	0.0000433924000	0.0000433924000	91.1040000000000
1.8026100000000	0.0187897000000	0.0000000000000	-0.0000046137146	0.0000345709000	0.0000345709000	85.8660000000000
1.8094100000000	0.0188873000000	0.0000000000000	-0.0000046945219	0.0000289680000	0.0000289680000	86.0100000000000
1.7976600000000	0.0189862000000	0.0000000000000	-0.0000045387154	0.0000245572000	0.0000245572000	92.7240000000000
1.8415600000000	0.0190854000000	0.0000000000000	-0.0000044207591	0.0000179411000	0.0000179411000	84.2700000000000
1.8291900000000	0.0191833000000	0.0000000000000	-0.0000042475295	0.0000153781000	0.0000153781000	88.1220000000000
1.8644300000000	0.0192837000000	0.0000000000000	-0.0000041599133	0.0000129939000	0.0000129939000	91.8720000000000
1.8329000000000	0.0193823000000	0.0000000000000	-0.0000041757339	0.0000110269000	0.0000110269000	96.2460000000000
1.8842100000000	0.0194816000000	0.0000000000000	-0.0000042115814	0.0000082255000	0.0000082255000	102.3540000000000
1.8594800000000	0.0195805000000	0.0000000000000	-0.0000043020012	0.0000035166900	0.0000035166900	75.6660000000000
1.8971900000000	0.0196798000000	0.0000000000000	-0.0000042722618	0.0000001192100	0.0000001192100	128.6580000000000
1.8891600000000	0.0197791000000	0.0000000000000	-0.0000041464951	-0.0000032186700	0.0000032186700	-109.6020000000000
1.9237700000000	0.0198781000000	0.0000000000000	-0.0000040004005	-0.0000023246000	0.0000023246000	-70.7880000000000
1.9077000000000	0.0199764000000	0.0000000000000	-0.0000039894860	-0.0000025630100	0.0000025630100	-140.5260000000000
1.9386100000000	0.0200750000000	0.0000000000000	-0.0000038731319	0.0000020861800	0.0000020861800	41.9340000000000
